/usr/bin/python "/Users/maxtaggart/Documents/SchoolStuff/BMI/Fall2017/Machine Learning/Project/Models/NN/OnlineExample.py"
After row: [2.7810836, 2.550537003, 0]
Weights: [0.5477986329979637, 0.7142586263333195, 0.6023984568260085, 0.5407721817825403, 0.4198845923891408, 0.6444159118308657, 0.44161358258449324, 0.8957222635338475, 0.9677664125252006, 0.3283110226367612, 0.7376503396297707, 0.4727062689310916]

After row: [1.465489372, 2.362125076, 0]
Weights: [0.5466785273859902, 0.7124532024221244, 0.6016341349323294, 0.5362156577594205, 0.4125402336649837, 0.6413066951349429, 0.44580152096712317, 0.8997456559172907, 0.9721444611480436, 0.26906531468584993, 0.6807324224249555, 0.4107711193645002]

After row: [3.396561688, 4.400293529, 0]
Weights: [0.5464803401933856, 0.7121964481213767, 0.6015757855747115, 0.5343449835310758, 0.4101167488418068, 0.640755939871185, 0.4495367820275882, 0.9034435237960932, 0.9758936252593049, 0.20439716573573902, 0.616711657366447, 0.34586226848079094]

After row: [1.38807019, 1.850220317, 0]
Weights: [0.5454440751489429, 0.7108151644854067, 0.6008292346784324, 0.5291920145240397, 0.4032481279187614, 0.6370436139065764, 0.45369231497343065, 0.9074176098997755, 0.980334688110808, 0.13844842175756522, 0.5536424938163961, 0.2753821349331116]

After row: [3.06407232, 3.005305973, 0]
Weights: [0.5451398735275019, 0.710516797196898, 0.6007299545082303, 0.5258951801923271, 0.40001452411495575, 0.6359676489855811, 0.45736523627715403, 0.911023104719757, 0.9840523292090056, 0.06679917959445822, 0.48330856882518913, 0.20286052466875565]

After row: [7.627531214, 2.759262235, 1]
Weights: [0.5450087269860979, 0.7104693548870871, 0.6007127606695262, 0.5255045488443376, 0.39987321308048424, 0.635916435645769, 0.42109981783657646, 0.8748289836242662, 0.947743124669783, 0.10166061035641025, 0.518101462463729, 0.23776404638434576]

After row: [5.332441248, 2.088626775, 1]
Weights: [0.5445263178896813, 0.7102804034278174, 0.600622293831922, 0.5241764170891021, 0.3993530064029605, 0.6356673692813279, 0.3817580888264711, 0.8357641178660822, 0.9081338752270677, 0.1328645941520611, 0.5490858515276805, 0.26918021463284625]

After row: [6.922596716, 1.77106367, 1]
Weights: [0.5442153684662859, 0.7102008507325535, 0.6005773757995488, 0.5232165562314978, 0.3991074374693797, 0.6355287130953644, 0.3391543412798827, 0.7933015443344468, 0.8653769517264259, 0.1609088241829194, 0.5770371527253325, 0.2973252738615579]

After row: [8.675418651, -0.242068655, 1]
Weights: [0.5436347737769011, 0.7102170509623307, 0.6005104516875559, 0.5220315058048665, 0.39914050371948495, 0.6353921144510448, 0.2929149066436817, 0.747081982240506, 0.8188693441403543, 0.18624032683779165, 0.6023577685395463, 0.32280369059193864]

After row: [7.673756466, 3.508563011, 1]
Weights: [0.5435784589107049, 0.7101913029134603, 0.6005031130566721, 0.5215989329714318, 0.3989427245679472, 0.635335744036457, 0.24242808277205835, 0.6966796319130818, 0.7683471668506252, 0.20933411665861873, 0.625412918293014, 0.3459136518480942]

>epoch=0, lrate=0.500, error=7.491
After row: [2.7810836, 2.550537003, 0]
Weights: [0.542945500094535, 0.7096108151920498, 0.6002755187419346, 0.5174755135027194, 0.395161128813745, 0.6338530775431835, 0.252739880841111, 0.7067434892715211, 0.7788628251298206, 0.14130986465491902, 0.5590242667217313, 0.27654458701782253]

After row: [1.465489372, 2.362125076, 0]
Weights: [0.5424742483567634, 0.7088512357859025, 0.5999539526174881, 0.5135311198084042, 0.38880342234860504, 0.6311615577207421, 0.2629223140351742, 0.7164491339560594, 0.7895169254045619, 0.07169618242388784, 0.4926702183287915, 0.2037062843402462]

After row: [3.396561688, 4.400293529, 0]
Weights: [0.5424370618029843, 0.7088030600814724, 0.5999430043241271, 0.5118854082098853, 0.38667137978239835, 0.6306770349151257, 0.2721360146412137, 0.7255454009369273, 0.7987660288541953, -0.0019864480442975535, 0.4199267130588336, 0.1297405347700195]

After row: [1.38807019, 1.850220317, 0]
Weights: [0.5426825429902695, 0.7091302728430665, 0.600119855025953, 0.5086263477791114, 0.38232723359527465, 0.6283291273998913, 0.2816176219792859, 0.7345374361216302, 0.8089079951675009, -0.07036609822138284, 0.3550777693738236, 0.05659849419774947]

After row: [3.06407232, 3.005305973, 0]
Weights: [0.5429567188465965, 0.7093991902355489, 0.6002093358957541, 0.506719717225993, 0.38045717062313467, 0.6277068736297459, 0.29019465105773307, 0.7429220198014345, 0.8175909513344488, -0.14027759978930868, 0.2867348933364762, -0.014176420767295167]

After row: [7.627531214, 2.759262235, 1]
Weights: [0.5427420318777294, 0.7093215271452354, 0.60018118957123, 0.5060951320841501, 0.38023122671729187, 0.6276249880072136, 0.2394513942959594, 0.6923144571323534, 0.766785174543983, -0.08219860008443436, 0.34465858221440765, 0.0439741372284671]

After row: [5.332441248, 2.088626775, 1]
Weights: [0.5421033127970547, 0.7090713517168421, 0.600061409708505, 0.5043674428581484, 0.3795545201567349, 0.6273009920838362, 0.18419824493332737, 0.6375687715292641, 0.7111506241113055, -0.03059538704360927, 0.3957878537551327, 0.09593355658329583]

After row: [6.922596716, 1.77106367, 1]
Weights: [0.5417884177342972, 0.7089907895768833, 0.6000159217109116, 0.5032255818954654, 0.3792623886705074, 0.6271360451701955, 0.12419936513773627, 0.5778458554178117, 0.6509317841119778, 0.015216421965637057, 0.4413889522372104, 0.14191331497555637]

After row: [8.675418651, -0.242068655, 1]
Weights: [0.5414100402737122, 0.7090013473754924, 0.5999723068174053, 0.5019813394482392, 0.37929710654497667, 0.6269926235674718, 0.059616627985034504, 0.5133601955670872, 0.5859664165217242, 0.055694266827891165, 0.48180595297698964, 0.1826309771043686]

After row: [7.673756466, 3.508563011, 1]
Weights: [0.5413984331651709, 0.708996040421607, 0.5999707942454866, 0.5015664427054692, 0.3791074091820858, 0.6269385565997998, -0.00955455076741936, 0.4443464007767003, 0.5167457293591504, 0.09176502837694613, 0.5177946433589813, 0.21872755585197817]

>epoch=1, lrate=0.500, error=6.520
After row: [2.7810836, 2.550537003, 0]
Weights: [0.5410224872443739, 0.7086512597101894, 0.5998356145907661, 0.49833491878951136, 0.3761437725176827, 0.6257765908408568, 0.018569683020539154, 0.47165695172906347, 0.5454313561286706, 0.0194216561826185, 0.447544290326257, 0.14494012435567638]

After row: [1.465489372, 2.362125076, 0]
Weights: [0.5409642796563894, 0.7085574387614888, 0.5997958957165821, 0.4957508801412454, 0.3719787320847439, 0.6240133309376209, 0.04414502286258405, 0.4958588241626186, 0.5721979509661838, -0.05098319871223317, 0.38092037340504503, 0.0712559333653242]

After row: [3.396561688, 4.400293529, 0]
Weights: [0.541025442580254, 0.7086366761912245, 0.5998139030220524, 0.4947511660901853, 0.37068358844425836, 0.6237189997454061, 0.06737558087141002, 0.5187363813998076, 0.595518359610971, -0.1225404527632394, 0.31045047015665955, -0.0005780882425217709]

After row: [1.38807019, 1.850220317, 0]
Weights: [0.5418516985871734, 0.7097380294672038, 0.600409158228073, 0.4934509149721319, 0.3689504260630214, 0.622782266770791, 0.08883243609376802, 0.5389460353009712, 0.6184731910639233, -0.18518067000124405, 0.2514512786369876, -0.06759143264801637]

After row: [3.06407232, 3.005305973, 0]
Weights: [0.542342789191079, 0.7102197013636431, 0.6005694320573491, 0.49290716194809236, 0.36841710176766573, 0.6226048058732494, 0.1085158079018877, 0.5581241816576723, 0.6383997588468524, -0.24665423376384382, 0.19155559539735056, -0.1298245270139088]

After row: [7.627531214, 2.759262235, 1]
Weights: [0.5421185826748651, 0.7101385945735595, 0.6005400376819053, 0.4920899597113787, 0.36812147855658234, 0.6224976673753808, 0.042526565884952405, 0.4923508862008003, 0.5723290448935289, -0.17904189076744748, 0.258946680315284, -0.06212870816085318]

After row: [5.332441248, 2.088626775, 1]
Weights: [0.5416060590124918, 0.7099378477496812, 0.600443923418562, 0.4903680864092797, 0.3674470499947542, 0.6221747621201669, -0.027310638732121917, 0.4232767961532396, 0.5020091611239692, -0.11742154293322296, 0.31989369957817426, -8.24718989408807e-05]

After row: [6.922596716, 1.77106367, 1]
Weights: [0.5414913587200585, 0.7099085030501123, 0.6004273544492664, 0.4895305581252215, 0.367232778388687, 0.6220537774205783, -0.10014952822143945, 0.3508509146229314, 0.4289028314563464, -0.061907872712165773, 0.37509259855826577, 0.0556350260570858]

After row: [8.675418651, -0.242068655, 1]
Weights: [0.5417129842471861, 0.7099023190726671, 0.6004529008276077, 0.48899935336735634, 0.3672476005000385, 0.6219925463977038, -0.17378009215343398, 0.2773997429220496, 0.35483498893395965, -0.012690747837936944, 0.424189811681604, 0.10514444252652823]

After row: [7.673756466, 3.508563011, 1]
Weights: [0.5417788191905144, 0.7099324198516033, 0.6004614800604281, 0.4889572157669307, 0.36722833452165093, 0.6219870552669112, -0.24641240140817589, 0.20496725757784762, 0.2821510032533415, 0.03105584890013447, 0.4678160540467702, 0.14892216408751754]

>epoch=2, lrate=0.500, error=5.662
After row: [2.7810836, 2.550537003, 0]
Weights: [0.5409436640338676, 0.7091664974858485, 0.6001611815880461, 0.4857877290400854, 0.36432159228012456, 0.6208473963487667, -0.19303895296440465, 0.25661218767646243, 0.3365856628222361, -0.04145493087923185, 0.3976535619783295, 0.07496967033918593]

After row: [1.465489372, 2.362125076, 0]
Weights: [0.5405419120750348, 0.7085189401617062, 0.5998870397440254, 0.4836681813972897, 0.36090523407754566, 0.6194010892766771, -0.14634855595682145, 0.3005709145542035, 0.3854477161837888, -0.11008128947369145, 0.3330422597103748, 0.003151373418152595]

After row: [3.396561688, 4.400293529, 0]
Weights: [0.540558101323957, 0.7085399135618136, 0.5998918061078984, 0.4829841407511185, 0.36001904978136334, 0.6191996971899125, -0.1034586234136759, 0.3427301183238646, 0.42850378861091676, -0.17832276232501054, 0.2659634375045716, -0.06535444189560569]

After row: [1.38807019, 1.850220317, 0]
Weights: [0.5411581733648191, 0.7093397761982028, 0.6003241128062089, 0.482508770609137, 0.3593854078365065, 0.6188572288151818, -0.06670550386627902, 0.37717798785973694, 0.46782469344621935, -0.2367696386594895, 0.21118249930004845, -0.1278847547117737]

After row: [3.06407232, 3.005305973, 0]
Weights: [0.5415747708405824, 0.709748383682457, 0.6004600748306833, 0.48261674329997856, 0.35949130970135124, 0.6188924671123123, -0.03268148916428185, 0.4102450691626884, 0.5022705231823413, -0.2932480853789597, 0.15629252215024705, -0.1850633968120345]

After row: [7.627531214, 2.759262235, 1]
Weights: [0.5414014186853507, 0.7096856734762491, 0.6004373476663666, 0.4818943548210303, 0.3592299854021727, 0.618797759079178, -0.10584508589834599, 0.33735723362234493, 0.4290159379770852, -0.22269800123506933, 0.22657669570076777, -0.1144255744405929]

After row: [5.332441248, 2.088626775, 1]
Weights: [0.5411522056416813, 0.7095880609548018, 0.600390612403458, 0.48088906417969834, 0.3588362301121486, 0.6186092355503516, -0.17937207121054022, 0.2647337230374287, 0.354978289266764, -0.1573256082204419, 0.29114581486023, -0.04859915372145944]

After row: [6.922596716, 1.77106367, 1]
Weights: [0.5412430126793067, 0.7096112928505652, 0.6004037298854306, 0.48076662269319714, 0.35880490492055656, 0.6185915483310142, -0.2515526042167884, 0.19302026846956533, 0.2825317204480325, -0.0977356019069866, 0.35035021572117614, 0.011210483496413202]

After row: [8.675418651, -0.242068655, 1]
Weights: [0.5418568691313856, 0.7095941645237726, 0.6004744880213515, 0.4811909517537102, 0.3587930649426733, 0.6186404599833024, -0.31974776686719963, 0.12503599094100915, 0.21393070517027968, -0.044587442145299555, 0.4033340213599004, 0.06467494604908008]

After row: [7.673756466, 3.508563011, 1]
Weights: [0.5419553270990553, 0.7096391810661966, 0.600487318499893, 0.4815164431965269, 0.3589418847862172, 0.6186828761642509, -0.38279008430502026, 0.062188294722870824, 0.1508435363906569, 0.0027464579154763344, 0.45052179447394347, 0.11204252172675488]

>epoch=3, lrate=0.500, error=5.324
After row: [2.7810836, 2.550537003, 0]
Weights: [0.5405767734932257, 0.7083749069601297, 0.5999916291197429, 0.47744273563597994, 0.35520587991654123, 0.6172180846849343, -0.31689854744240215, 0.1257957032818457, 0.21804548137056387, -0.0693170997422054, 0.38095631805012836, 0.03854581080824955]

After row: [1.465489372, 2.362125076, 0]
Weights: [0.5396634758602169, 0.7069028231074591, 0.5993684259423889, 0.4748396952808412, 0.3510102118931547, 0.6154418586645529, -0.2580309033817906, 0.18101447516934968, 0.27965823317882155, -0.13665324210637686, 0.31779396215283257, -0.03193034113249289]

After row: [3.396561688, 4.400293529, 0]
Weights: [0.5395938534104879, 0.7068126262427598, 0.5993479280223968, 0.47401297970965495, 0.34993919022113074, 0.6151984608855263, -0.20252127101632228, 0.23548919750900804, 0.33538518386843597, -0.20300306017341582, 0.2526811562763294, -0.09853991648228223]

After row: [1.38807019, 1.850220317, 0]
Weights: [0.5397729567355358, 0.7070513610079274, 0.5994769584751348, 0.47347916560968645, 0.34922764573269044, 0.61481388804201, -0.1557429868621265, 0.279154668036815, 0.38544830797300283, -0.2593574157530368, 0.2000768443147335, -0.15885155783953372]

After row: [3.06407232, 3.005305973, 0]
Weights: [0.540047169063381, 0.7073203141724348, 0.599566451247892, 0.4736560683907795, 0.3494011556662482, 0.6148716225739068, -0.11189026780255876, 0.3216710224144949, 0.4298512403161212, -0.3135372329619497, 0.14754809905168512, -0.21371116083523428]

After row: [7.627531214, 2.759262235, 1]
Weights: [0.5399104356000332, 0.7072708507915464, 0.5995485249412652, 0.4731007337711577, 0.34920026316240654, 0.614798815973181, -0.18579512346575372, 0.2480817779584194, 0.3558526883727293, -0.24200856359814082, 0.21877130472871759, -0.14209180771070787]

After row: [5.332441248, 2.088626775, 1]
Weights: [0.5398038634921228, 0.7072291083048133, 0.5995285393281184, 0.47276060630293637, 0.3490670410031739, 0.6147350314038997, -0.25741680938229994, 0.1774338395490414, 0.283726617819555, -0.17521396150309287, 0.28465778693730914, -0.07482681496965243]

After row: [6.922596716, 1.77106367, 1]
Weights: [0.5399775698379901, 0.707273548998246, 0.5995536319852518, 0.47316568546056004, 0.349170675666433, 0.6147935468966031, -0.3252753569197771, 0.11006571375168091, 0.21561434303435445, -0.11396378203631596, 0.3454653041207537, -0.01334761734639222]

After row: [8.675418651, -0.242068655, 1]
Weights: [0.5407028503810953, 0.7072533116249698, 0.5996372337769672, 0.47417052523547193, 0.34914263780191157, 0.6149093729812378, -0.3874415708208863, 0.048126418021493, 0.15307396648526617, -0.059145477839906126, 0.40008351137477866, 0.0418006242962401]

After row: [7.673756466, 3.508563011, 1]
Weights: [0.5408076590886096, 0.7073012318262487, 0.5996508918475587, 0.4747066329192323, 0.34938775472704314, 0.6149792354646428, -0.44361168574306914, -0.007850659561291613, 0.09686316743289092, -0.010247259500186075, 0.4488136833791353, 0.09073425971644622]

>epoch=4, lrate=0.500, error=5.305
After row: [2.7810836, 2.550537003, 0]
Weights: [0.5391558799864038, 0.7057863821032997, 0.5990569582088123, 0.4698024153819031, 0.34489008759480744, 0.6132158157899056, -0.3739627562266231, 0.059224367370383606, 0.16791113817514644, -0.08198855776158759, 0.3797236119824085, 0.017551890722764557]

After row: [1.465489372, 2.362125076, 0]
Weights: [0.5379526665316181, 0.7038470021749069, 0.5982359263557163, 0.46662982282129173, 0.33977639616412597, 0.6110509467562383, -0.31050311610108605, 0.11852645261124892, 0.23435716511572202, -0.14863054028899791, 0.31744767532971385, -0.05222623845713523]

After row: [3.396561688, 4.400293529, 0]
Weights: [0.5378283256789147, 0.7036859168480971, 0.5981993184963206, 0.4655322650141276, 0.3383544945588554, 0.6107278088573914, -0.24954475625340705, 0.17823888440302876, 0.2955590908608739, -0.21408905975869663, 0.2533270626886882, -0.11794630471191349]

After row: [1.38807019, 1.850220317, 0]
Weights: [0.5377381276495965, 0.7035656878945469, 0.598134337611371, 0.4647044575424892, 0.33725107326674497, 0.6101314359379223, -0.19810540926848658, 0.22605036410461227, 0.3506446418235062, -0.2694618623396244, 0.20185954255485128, -0.17724412860166183]

After row: [3.06407232, 3.005305973, 0]
Weights: [0.5379190686962201, 0.7037431586430763, 0.5981933900839391, 0.4647413477729442, 0.3372872559734024, 0.610143475546196, -0.1494009076270557, 0.27314145870711304, 0.3999713634642135, -0.32264204825319476, 0.15044102719313757, -0.23110371321813394]

After row: [7.627531214, 2.759262235, 1]
Weights: [0.5377974778729843, 0.7036991731178436, 0.5981774490382948, 0.4643124188534847, 0.3371320907783008, 0.6100872412408322, -0.22264875655505506, 0.20024899573561272, 0.3266280643632441, -0.2507596256163619, 0.22197468868683612, -0.1591276197121273]

After row: [5.332441248, 2.088626775, 1]
Weights: [0.5377457229983976, 0.7036789016114601, 0.5981677433758825, 0.4644266022377053, 0.3371768144728437, 0.6101086542070349, -0.2923882875161999, 0.1315601976554413, 0.2563874328633825, -0.18341270313805438, 0.288306926596649, -0.0912967883421239]

After row: [6.922596716, 1.77106367, 1]
Weights: [0.537947862548347, 0.7037306166004841, 0.5981969433362792, 0.4651835301781917, 0.33737046544388827, 0.6102179958271724, -0.3574617485626447, 0.06701302131591283, 0.19106527179892807, -0.12149104374605463, 0.34972779162730955, -0.029138474597361373]

After row: [8.675418651, -0.242068655, 1]
Weights: [0.5387048726727356, 0.7037094938823762, 0.5982842025401104, 0.46656080228111524, 0.3373320356667287, 0.6103767515205089, -0.41640148811193817, 0.008323488305364904, 0.13176430686493745, -0.06598325970076416, 0.4049999382126178, 0.026709501325239235]

After row: [7.673756466, 3.508563011, 1]
Weights: [0.5388120701584421, 0.7037585062708835, 0.5982981719025968, 0.46725301651807477, 0.3376485269807604, 0.6104669569160054, -0.4692757055010221, -0.04434605431272641, 0.07885066101895603, -0.016428483250623037, 0.4543628893644876, 0.07630123091556493]

>epoch=5, lrate=0.500, error=5.331
After row: [2.7810836, 2.550537003, 0]
Weights: [0.5370293863593061, 0.7021236036040436, 0.5976571685903858, 0.4616442809160756, 0.33250474500565463, 0.6084502122190826, -0.3984787754962571, 0.023640431136751863, 0.15109253990277716, -0.0879860582134073, 0.3856459544821439, 0.0032831824870034193]

After row: [1.465489372, 2.362125076, 0]
Weights: [0.535687139787379, 0.6999601254196901, 0.5967412652767403, 0.45797625276255227, 0.3265924938174478, 0.6059472748224657, -0.3333426690613277, 0.08423886743112693, 0.21933455782976452, -0.1542629638116932, 0.3239861921551114, -0.06615403179447651]

After row: [3.396561688, 4.400293529, 0]
Weights: [0.5355341678780308, 0.6997619481555463, 0.5966962279939232, 0.4565829701754035, 0.32478747659254087, 0.60553707100015, -0.2701589855212873, 0.14599203504169347, 0.28277742470870904, -0.2193310574843226, 0.26039127857082245, -0.13148903877176493]

After row: [1.38807019, 1.850220317, 0]
Weights: [0.5353118500416287, 0.6994656108516363, 0.5965360647413703, 0.45544035250875725, 0.3232644308297095, 0.6047139010517728, -0.21673042902127604, 0.19540717402710395, 0.3400387074152601, -0.2742314031446322, 0.20961490749011202, -0.19032769022478893]

After row: [3.06407232, 3.005305973, 0]
Weights: [0.5354475462827836, 0.6995987045522628, 0.5965803509810486, 0.4552801477289682, 0.32310729864374227, 0.6046616161305771, -0.16583097708407418, 0.2444587506976277, 0.3916024561074607, -0.3269935112918131, 0.1587682972697705, -0.24377840494620778]

After row: [7.627531214, 2.759262235, 1]
Weights: [0.5353298288704065, 0.6995561202348394, 0.5965649177551365, 0.45494799577204287, 0.322987142550596, 0.6046180696739837, -0.23854582148301745, 0.1721487097538365, 0.318789784639223, -0.254988042156914, 0.23037291204079666, -0.17167606310152211]

After row: [5.332441248, 2.088626775, 1]
Weights: [0.5352970938770989, 0.6995432984932914, 0.5965587789170724, 0.455418447085619, 0.32317141034918406, 0.6047062940522181, -0.30722608034534243, 0.1046240525942695, 0.24960434029018136, -0.1874393600903051, 0.296785032112616, -0.10363051899053315]

After row: [6.922596716, 1.77106367, 1]
Weights: [0.5355110094788771, 0.699598026244495, 0.5965896799807273, 0.45646979442402585, 0.32344038500594835, 0.6048581658687544, -0.37090481420848775, 0.04152662053305688, 0.18567585514947132, -0.12526423441589413, 0.35839258191989987, -0.041211539267401565]

After row: [8.675418651, -0.242068655, 1]
Weights: [0.5362838948765302, 0.6995764605614766, 0.5966787690989296, 0.45816157550316283, 0.32339317954107616, 0.6050531744495729, -0.42832838075994806, -0.015613305638617708, 0.12789261788061865, -0.06949427527132684, 0.41388706858265567, 0.014907733276160115]

After row: [7.673756466, 3.508563011, 1]
Weights: [0.5363936983789253, 0.699626664462094, 0.596693078062588, 0.4590110500553414, 0.3237815727622794, 0.6051638731088204, -0.47971459579755865, -0.06677221210930562, 0.07646673160833523, -0.01968526127284275, 0.4634757508134947, 0.06475520087706872]

>epoch=6, lrate=0.500, error=5.346
After row: [2.7810836, 2.550537003, 0]
Weights: [0.5345384062646718, 0.6979251725728255, 0.5960259668278687, 0.45270902511577066, 0.31800197383105566, 0.6028978409264111, -0.4085295122081029, 0.0013495951924659966, 0.1491323609992452, -0.09113492446600926, 0.39510074944533813, -0.008180510986997042]

After row: [1.465489372, 2.362125076, 0]
Weights: [0.5331276055205705, 0.6956511964672648, 0.5950632844836249, 0.44856829254481284, 0.3113278017587457, 0.6000723461462566, -0.34276184662489884, 0.06220790769256042, 0.21808408126372275, -0.1572000360065392, 0.3339671944098381, -0.07744407766203919]

After row: [3.396561688, 4.400293529, 0]
Weights: [0.5329593368267331, 0.6954332020032626, 0.59501374359219, 0.44684129799069694, 0.30909045597817514, 0.5995638923883821, -0.2786325649491294, 0.12470859918027212, 0.282484255641398, -0.22210815733879063, 0.27070744222760174, -0.1426263816438363]

After row: [1.38807019, 1.850220317, 0]
Weights: [0.5326788829495854, 0.6950593725923161, 0.5948116977020266, 0.4453776696236881, 0.3071395208160438, 0.5985094584141111, -0.2243673117960849, 0.17460242190204353, 0.340694239800883, -0.27675990504084513, 0.2204582596873319, -0.201250955992593]

After row: [3.06407232, 3.005305973, 0]
Weights: [0.5327965518103603, 0.6951747846626563, 0.5948501004707886, 0.44498374309965033, 0.3067531494736031, 0.5983808953506786, -0.17246908813183093, 0.22441490637089528, 0.39328557812510856, -0.3293619790794671, 0.1699702119069414, -0.25455554480121845]

After row: [7.627531214, 2.759262235, 1]
Weights: [0.5326774153399287, 0.6951316870004572, 0.5948344812006618, 0.4447452438502255, 0.30666687228199935, 0.5983496271404631, -0.2448830087941693, 0.15246966752719515, 0.32077085005183936, -0.25732963005742404, 0.24153634874171928, -0.18242291955408274]

After row: [5.332441248, 2.088626775, 1]
Weights: [0.5326491316859108, 0.6951206087729945, 0.5948291771283425, 0.4455630897215662, 0.3069872086355121, 0.5985029988952194, -0.31302528055226475, 0.0856210036476665, 0.2521146021384148, -0.18972997034479705, 0.3078527014829684, -0.11431337644155978]

After row: [6.922596716, 1.77106367, 1]
Weights: [0.532869187714948, 0.6951769074791565, 0.5948609652041275, 0.44692034778236217, 0.3073344468960819, 0.5986990608812743, -0.376034432979975, 0.023268163203445914, 0.1888513344089154, -0.12748541250489914, 0.36944891146159, -0.051817786902443826]

After row: [8.675418651, -0.242068655, 1]
Weights: [0.5336546335261501, 0.6951549913251653, 0.5949515021387469, 0.44893743580112605, 0.30727816444985523, 0.5989315670115153, -0.4327510494320483, -0.03312091769089684, 0.1317709999757826, -0.07164432654869149, 0.42496751800387844, 0.00438140234543901]

After row: [7.673756466, 3.508563011, 1]
Weights: [0.5337675187696198, 0.6952066042466178, 0.594966212697255, 0.4499728592154235, 0.30775157643630846, 0.5990664974616651, -0.4834576211634656, -0.08356728406783284, 0.08102378923143339, -0.02176199448232812, 0.4745938743760767, 0.054303712834099495]

>epoch=7, lrate=0.500, error=5.352
After row: [2.7810836, 2.550537003, 0]
Weights: [0.5318643624441548, 0.6934612159991764, 0.594281890828806, 0.4429111125415919, 0.30127523527295047, 0.5965272905590636, -0.41214073039090093, -0.015608607856238715, 0.15385439171643023, -0.09313815080336593, 0.4065787233493923, -0.018587413119533554]

After row: [1.465489372, 2.362125076, 0]
Weights: [0.5304169800305951, 0.6911282763279969, 0.5932942464001163, 0.4382703767063355, 0.2937951411166955, 0.5933606105926829, -0.34614561205385674, 0.04506406461169491, 0.22309678181503878, -0.15905621331158307, 0.34597689222824274, -0.08774895587831669]

After row: [3.396561688, 4.400293529, 0]
Weights: [0.5302397275936735, 0.690898643298236, 0.5932420605565476, 0.43613874391918367, 0.2910335808033212, 0.5927330251156745, -0.28158998706773286, 0.10775524119620641, 0.2879336520365534, -0.22390739191439424, 0.282998697990693, -0.15288266733547531]

After row: [1.38807019, 1.850220317, 0]
Weights: [0.5299371346885444, 0.6904953037950298, 0.5930240651645933, 0.43432874761081075, 0.28862095645076846, 0.5914290591336856, -0.2269787703911044, 0.157611468047694, 0.3465704630789763, -0.2784060425578495, 0.23324523606603145, -0.2113986146869086]

After row: [3.06407232, 3.005305973, 0]
Weights: [0.5300505571335954, 0.6906065508923516, 0.5930610820601511, 0.43365066282870673, 0.287955876768231, 0.5912077573133343, -0.17459879165895628, 0.20763434163694516, 0.39966691460831105, -0.33096379433444545, 0.18305258924003528, -0.2646752709063982]

After row: [7.627531214, 2.759262235, 1]
Weights: [0.5299273170928853, 0.6905619687620881, 0.5930449247954671, 0.4335257614349134, 0.2879106936428758, 0.5911913822385835, -0.2468472067716431, 0.1359381221024692, 0.3273143046311465, -0.2589497436892617, 0.25451623555768743, -0.19255736339133347]

After row: [5.332441248, 2.088626775, 1]
Weights: [0.5298966189917124, 0.6905499448366346, 0.5930391679385708, 0.4347403658618273, 0.2883864335918227, 0.5914191586678821, -0.3147059003127882, 0.069550286676606, 0.2589302922674986, -0.19136854238010484, 0.3206325934812904, -0.12445299142794751]

After row: [6.922596716, 1.77106367, 1]
Weights: [0.530120282527883, 0.6906071664804001, 0.5930714771348662, 0.43645909857563386, 0.28882615082406127, 0.5916674372812866, -0.3773787389308582, 0.007631489387972576, 0.195997273114577, -0.12914047143520793, 0.3821119742698421, -0.061966586360355215]

After row: [8.675418651, -0.242068655, 1]
Weights: [0.5309169020870811, 0.6905849385473171, 0.5931633020474433, 0.4388504110003149, 0.2887594264611672, 0.5919430795898459, -0.4337478082609817, -0.04835461237752326, 0.1392577371610524, -0.07331858066552024, 0.4375546149682579, -0.0057778251130976566]

After row: [7.673756466, 3.508563011, 1]
Weights: [0.5310331399278148, 0.6906380843293448, 0.5931784494972286, 0.44012273365353943, 0.2893411525322172, 0.5921088813922437, -0.4841266059202546, -0.09842865272497908, 0.08883696448509304, -0.023448025720173057, 0.487123487123024, 0.04413428138713482]

>epoch=8, lrate=0.500, error=5.351
After row: [2.7810836, 2.550537003, 0]
Weights: [0.5290936233657728, 0.6888593500405161, 0.5924810535030767, 0.4321787993294352, 0.2820557554146945, 0.5892524644459484, -0.41277660293747204, -0.030791618915385163, 0.16173358976500504, -0.09476384791257325, 0.41951885537619227, -0.02872742218059625]

After row: [1.465489372, 2.362125076, 0]
Weights: [0.5276249889331276, 0.686492155649953, 0.5914789074208837, 0.42697469427417767, 0.2736676037951533, 0.5857013605248361, -0.34672161476264984, 0.029456259119191003, 0.23109363411241546, -0.16055766057077042, 0.3595091920640167, -0.09781322311481243]

After row: [3.396561688, 4.400293529, 0]
Weights: [0.5274418274210304, 0.6862548673300352, 0.5914249818547018, 0.42432677523218293, 0.2702371873634511, 0.5849217724339294, -0.28195506927218383, 0.0920625545157352, 0.29615143127762383, -0.2253969144903984, 0.2968326133852709, -0.1629440556750816]

After row: [1.38807019, 1.850220317, 0]
Weights: [0.5271348703519254, 0.6858457106391154, 0.5912038424113824, 0.4221243225961232, 0.26730144056633276, 0.5833350712339996, -0.22720711302044658, 0.14161300401204527, 0.3549931566113238, -0.27978062033830686, 0.24761183411730578, -0.22139429384319254]

After row: [3.06407232, 3.005305973, 0]
Weights: [0.5272511645418192, 0.6859597744036133, 0.5912417965383573, 0.4210869027965069, 0.2662839176116868, 0.5829964957399276, -0.17456228470635843, 0.19157070611184823, 0.40837585212849054, -0.33234737004350656, 0.1977282252951928, -0.2746978164057088]

After row: [7.627531214, 2.759262235, 1]
Weights: [0.5271222102623329, 0.6859131251453612, 0.5912248901140021, 0.4211199369029208, 0.26629586771188796, 0.5830008266440547, -0.24670750858149817, 0.12008855938583632, 0.3361227690231443, -0.26037699682488824, 0.26903712839379235, -0.20261984536375477]

After row: [5.332441248, 2.088626775, 1]
Weights: [0.5270850465547783, 0.6858985687515733, 0.5912179207530985, 0.42283038680868523, 0.26696582192316326, 0.5833215896541312, -0.31439398028214627, 0.05410004052105988, 0.2678982470568284, -0.19285001589189715, 0.33487015740563575, -0.1345560819819543]

After row: [6.922596716, 1.77106367, 1]
Weights: [0.5273106562961299, 0.6859562883086844, 0.5912505110874207, 0.42500653111324976, 0.26752256244649664, 0.5836359434138316, -0.3768743846974579, -0.0075001774439053814, 0.20515068922483393, -0.13068346374148637, 0.3961609444681027, -0.07212371838288544]

After row: [8.675418651, -0.242068655, 1]
Weights: [0.5281169821330328, 0.6859337895430705, 0.5913434548252782, 0.4278514790322896, 0.26744318037353726, 0.5839638754749215, -0.43304960287047406, -0.06322334728158567, 0.14859690586453522, -0.074929256167927, 0.45146649162624586, -0.015993782815411257]

After row: [7.673756466, 3.508563011, 1]
Weights: [0.5282366624958404, 0.6859885093007212, 0.5913590508848271, 0.4294385675094524, 0.2681688223652827, 0.5841706957570342, -0.48325046687455575, -0.11305985000340607, 0.09835252445282086, -0.025114977788609147, 0.5009192145880368, 0.033863677853717064]

>epoch=9, lrate=0.500, error=5.347
After row: [2.7810836, 2.550537003, 0]
Weights: [0.5262670944861629, 0.6841822147727151, 0.5906508492293007, 0.4204365467121005, 0.25991305215203864, 0.5809338204623282, -0.4119092974197919, -0.04586541843303922, 0.1712736627486742, -0.09637315527855778, 0.43380295103682753, -0.03897263048224092]

After row: [1.465489372, 2.362125076, 0]
Weights: [0.5247856187141481, 0.6817943222793108, 0.5896399406547861, 0.4145744292866446, 0.25046429405546616, 0.5769337113264594, -0.3458680436665567, 0.013784916492017144, 0.2406760086140117, -0.16204506834394505, 0.37448621510451435, -0.10798683849883406]

After row: [3.396561688, 4.400293529, 0]
Weights: [0.5245982334605577, 0.6815515620427702, 0.5895847715541476, 0.41124349802732113, 0.24614902567163904, 0.5759530339340565, -0.2809792987222218, 0.07613015040727537, 0.3058660900805257, -0.2268903273217927, 0.3121827625914855, -0.17313323205459583]

After row: [1.38807019, 1.850220317, 0]
Weights: [0.5242966613350482, 0.6811495831819904, 0.5893675115570075, 0.40858127292240537, 0.24260042775992782, 0.5740351013078139, -0.2261825728637887, 0.12519917548874393, 0.36482003334105934, -0.28117099483026864, 0.2635758541733915, -0.23153196559765293]

After row: [3.06407232, 3.005305973, 0]
Weights: [0.5244199733822696, 0.681270530207176, 0.5894077560533324, 0.4070738211287271, 0.24112188763214426, 0.573543124736687, -0.17335673258616002, 0.17492106840302823, 0.4184047526907153, -0.33377230450117873, 0.21406529886821232, -0.28488892880593575]

After row: [7.627531214, 2.759262235, 1]
Weights: [0.5242840937149238, 0.6812213756873068, 0.5893899416827931, 0.4073433094923986, 0.24121937514727707, 0.5735784557443369, -0.24542158272164782, 0.10366980721976746, 0.346228173122335, -0.2618642734889008, 0.2851615113656665, -0.21286941149332816]

After row: [5.332441248, 2.088626775, 1]
Weights: [0.5242373234543894, 0.6812030565696864, 0.5893811707918711, 0.40970703871508596, 0.24214520778447798, 0.5740217291181549, -0.31297820010471544, 0.038105020466118425, 0.27811996849113596, -0.19441386151148163, 0.3506232240602054, -0.1448682794152119]

After row: [6.922596716, 1.77106367, 1]
Weights: [0.5244633481284613, 0.681260882282377, 0.5894138210650771, 0.4124864572995177, 0.24285628882538748, 0.5744232285407642, -0.37532260163227255, -0.023195300614837912, 0.21550091342982547, -0.13233799881567668, 0.41165950352385894, -0.08251894621311524]

After row: [8.675418651, -0.242068655, 1]
Weights: [0.5252774130656521, 0.681238167574032, 0.5895076568751907, 0.41589730657986956, 0.24276111650795618, 0.5748163910401853, -0.4313648691944661, -0.07869968040257923, 0.15907126032349048, -0.07668458984486143, 0.4667787569439772, -0.02648083963716543]

After row: [7.673756466, 3.508563011, 1]
Weights: [0.5254004895169908, 0.6812944400771542, 0.5895236954935498, 0.4179161819829165, 0.24368417832185818, 0.5750794793219144, -0.4814480386196166, -0.1283380124092655, 0.10894289914360852, -0.02695500544262225, 0.5160666444608015, 0.0232936174679597]

>epoch=10, lrate=0.500, error=5.341
After row: [2.7810836, 2.550537003, 0]
Weights: [0.5234054137000157, 0.679464752291075, 0.5888063219428319, 0.40761702689392365, 0.2342388038088043, 0.5713761907587828, -0.41013553695965044, -0.06170973996223576, 0.18186937340030773, -0.09815255012486757, 0.4495457779335331, -0.04951529805946703]

After row: [1.465489372, 2.362125076, 0]
Weights: [0.5219169267838273, 0.6770655589996025, 0.5877906292024901, 0.40096830437967157, 0.2235221691648783, 0.5668393291197398, -0.3441431544196803, -0.002823613441886315, 0.25127856535749377, -0.1636934007634015, 0.3910625610165738, -0.1184495796828339]

After row: [3.396561688, 4.400293529, 0]
Weights: [0.521726482974601, 0.6768188363611363, 0.5877345596160318, 0.39670582284071054, 0.2180000642669642, 0.5655843889977864, -0.27916664271829705, 0.05909909806899601, 0.31656675806861834, -0.22854793079574615, 0.3292560982162441, -0.1836152056000989]

After row: [1.38807019, 1.850220317, 0]
Weights: [0.5214368287448716, 0.6764327433921992, 0.5875258855649528, 0.39349129344048567, 0.21371527546540514, 0.5632685627352652, -0.2243560642828747, 0.10753188142918801, 0.3755967313339817, -0.2827243283585028, 0.2813837020238902, -0.24196217786405938]

After row: [3.06407232, 3.005305973, 0]
Weights: [0.5215701234949031, 0.6765634816602956, 0.5875693880466538, 0.3913499417149031, 0.2116149930767743, 0.5625697046464383, -0.17137224090564923, 0.15687008999017693, 0.4293608001407476, -0.3353722585259406, 0.2323582751419571, -0.29538540706183414]

After row: [7.627531214, 2.759262235, 1]
Weights: [0.5214261977388999, 0.6765114164648816, 0.5875505188015514, 0.3919913311098815, 0.211847015927398, 0.5626537933740992, -0.24335873709535785, 0.08590739772901182, 0.3572585396799551, -0.2635447629648646, 0.3031642281078903, -0.22344240292473996]

After row: [5.332441248, 2.088626775, 1]
Weights: [0.5213667534687083, 0.6764881331526859, 0.5875393711362651, 0.3952492515597492, 0.2131230880988384, 0.5632647556516657, -0.31079451981519807, 0.0208502941765953, 0.28925713490077914, -0.19618882396316417, 0.3681443042895323, -0.1555215115581369]

After row: [6.922596716, 1.77106367, 1]
Weights: [0.521591476215625, 0.676545625782867, 0.5875718333402813, 0.39884995882367474, 0.21404428603699135, 0.5637848938904862, -0.3730183730440523, -0.04011353889155888, 0.2267507928460738, -0.13422853534320228, 0.4288499098776221, -0.09327993066401646]

After row: [8.675418651, -0.242068655, 1]
Weights: [0.5224106543643438, 0.6765227684014953, 0.5876662585411475, 0.40297986075138853, 0.21392905012214494, 0.5642609403032133, -0.42894556687928775, -0.0953962323309524, 0.17042697837399556, -0.07870669540240063, 0.4837319206876231, -0.0373643447473148]

After row: [7.673756466, 3.508563011, 1]
Weights: [0.5225369594110526, 0.6765805170695627, 0.5876827178915671, 0.40560910760077484, 0.2151311834297913, 0.564603568696626, -0.4789306529070423, -0.144825779055438, 0.12039493034437519, -0.02908532860580077, 0.5328017905932878, 0.012303642329558127]

>epoch=11, lrate=0.500, error=5.333
After row: [2.7810836, 2.550537003, 0]
Weights: [0.5205207562736508, 0.6747314533781628, 0.5869577475464104, 0.3936907428406599, 0.20420082868032444, 0.560318057552655, -0.40765810025439125, -0.07891224573836123, 0.19331614815795484, -0.10021530046305782, 0.46702011734937804, -0.060471696532728304]

After row: [1.465489372, 2.362125076, 0]
Weights: [0.519030526967851, 0.6723294516444922, 0.5859408658587827, 0.38608458913279975, 0.19194097422588563, 0.5551278774986844, -0.34173465739867614, -0.02098440333737888, 0.2627122432757733, -0.16560719323419087, 0.4095593553706863, -0.12930824107746347]

After row: [3.396561688, 4.400293529, 0]
Weights: [0.518838088363775, 0.6720801447211888, 0.5858842089740407, 0.3805138638011137, 0.18472402105955335, 0.5534877702833886, -0.2766816442669145, 0.04031661171317117, 0.3280876105617719, -0.23046253496884178, 0.3484446108202406, -0.19448495745451988]

After row: [1.38807019, 1.850220317, 0]
Weights: [0.51856589639705, 0.6717173279770594, 0.5856881151679162, 0.37662109500015273, 0.1795351768809159, 0.5506833236285973, -0.2218684859502865, 0.08793993432615294, 0.3871825370526846, -0.28452512431030885, 0.30147340513584203, -0.2527706837501569]

After row: [3.06407232, 3.005305973, 0]
Weights: [0.5187117904596588, 0.671860423913445, 0.5857357295997482, 0.3735987003364673, 0.17657074922160493, 0.5496969256757952, -0.1687198271140067, 0.1367198378247815, 0.441133526316593, -0.3372225543780388, 0.2531076399478992, -0.3062636325106804]

After row: [7.627531214, 2.759262235, 1]
Weights: [0.5185586384509875, 0.6718050211177192, 0.5857156507558373, 0.37485162286226203, 0.17702399440825992, 0.5498611888548819, -0.24061715103325518, 0.06615040209278943, 0.3691162698923411, -0.2654969860589713, 0.323508492273335, -0.23441841819350928]

After row: [5.332441248, 2.088626775, 1]
Weights: [0.5184831056546886, 0.67177543620278, 0.585701485987247, 0.3793761015727297, 0.17879615596393475, 0.5507096705352313, -0.3079233282372049, 0.0017432886895067529, 0.30123013322007375, -0.1982530863335245, 0.38785601066190967, -0.1665950956282509]

After row: [6.922596716, 1.77106367, 1]
Weights: [0.5187044490897357, 0.6718320642763899, 0.5857334600345775, 0.38412776581237595, 0.18001181249458675, 0.551396069647383, -0.37002110664519516, -0.05880496407129764, 0.23884181009586708, -0.13643510669744036, 0.44813144646858366, -0.1044878804057914]

After row: [8.675418651, -0.242068655, 1]
Weights: [0.5195253219708736, 0.6718091596072024, 0.5858280805842202, 0.3891821561873566, 0.17987078074394316, 0.5519786801908405, -0.4258289246356873, -0.11383639636422457, 0.1826278971477329, -0.08108153770133278, 0.5027149491760382, -0.04873152187111698]

After row: [7.673756466, 3.508563011, 1]
Weights: [0.5196545594774244, 0.6718682490423608, 0.5858449220760141, 0.3927011252490536, 0.18147970914054098, 0.5524372520880969, -0.475715939493491, -0.16301200714194214, 0.13269207438053734, -0.031592489473485245, 0.5514982684495833, 0.0008059449079041991]

>epoch=12, lrate=0.500, error=5.322
After row: [2.7810836, 2.550537003, 0]
Weights: [0.5176223007221881, 0.6700044607136312, 0.5851141785790418, 0.3787278388737557, 0.16866478191084067, 0.5474128485155837, -0.40449202874782636, -0.09800555434547473, 0.20559995842806456, -0.10264409543788691, 0.486649079169153, -0.0719255604925979]

After row: [1.465489372, 2.362125076, 0]
Weights: [0.5161360586390261, 0.667608885719558, 0.584100017636248, 0.36993795822540493, 0.15449695654737117, 0.5414149335417242, -0.33865339049283805, -0.041284001193190784, 0.27496715146476436, -0.1678597866657975, 0.43046420970055344, -0.14063642029057574]

After row: [3.396561688, 4.400293529, 0]
Weights: [0.5159428026936533, 0.6673585199190872, 0.5840431201136576, 0.3624760666472508, 0.14482997085962257, 0.5392180378973681, -0.2735267746697263, 0.019107292755195522, 0.3404271281422114, -0.23269211139855842, 0.37034580909261094, -0.20580059950231278]

After row: [1.38807019, 1.850220317, 0]
Weights: [0.5156936558697129, 0.6670264210678248, 0.5838636285967765, 0.35773250339539453, 0.13850706502475335, 0.5358006579363042, -0.21871167272941378, 0.0656997976069055, 0.39958710731006114, -0.2866236179829578, 0.3245043549449963, -0.26400694580260814]

After row: [3.06407232, 3.005305973, 0]
Weights: [0.5158547692280692, 0.6671844444065814, 0.5839162100444482, 0.3534476308520619, 0.13430437275669965, 0.5344022338471062, -0.1653747403644396, 0.11367472747276156, 0.45374936654392706, -0.33936204545106813, 0.27706776182214854, -0.31756143897383554]

After row: [7.627531214, 2.759262235, 1]
Weights: [0.5156910777203091, 0.667125228943166, 0.5838947494298447, 0.35575546486624704, 0.13513923256406454, 0.534704800162397, -0.23716104239604652, 0.043675123361988144, 0.38183886396802746, -0.26776577060123213, 0.3468820683605746, -0.24584129235384256]

After row: [5.332441248, 2.088626775, 1]
Weights: [0.5155954590070788, 0.6670877767153109, 0.5838768179217824, 0.36213582803386435, 0.13763831257757758, 0.5359013183931436, -0.3043170577103144, -0.01986450252838387, 0.31408841385308583, -0.20065291127295087, 0.41038086223922454, -0.17813438022223818]

After row: [6.922596716, 1.77106367, 1]
Weights: [0.5158108741774441, 0.6671428881132231, 0.5839079356048141, 0.36854545313506715, 0.13927813858807206, 0.5368272173533399, -0.3662699476226715, -0.0798729356782407, 0.25183679447712465, -0.13901029148603133, 0.4700887634186268, -0.11619452705734144]

After row: [8.675418651, -0.242068655, 1]
Weights: [0.5166291040184778, 0.667120057192311, 0.5840022514959486, 0.374791700668628, 0.13910385066029904, 0.5375472111409413, -0.4219390494382782, -0.13460507506792935, 0.1957520226455045, -0.0838759916083434, 0.5242951020812084, -0.06064855042242898]

After row: [7.673756466, 3.508563011, 1]
Weights: [0.5167608280494648, 0.6671802835058288, 0.5840194170173684, 0.3796482806501178, 0.1413243559576088, 0.5381800928336309, -0.47171707686241565, -0.1834468085951991, 0.14592328091672097, -0.03454706048122278, 0.5726961865349405, -0.011269362534032351]

>epoch=13, lrate=0.500, error=5.308
After row: [2.7810836, 2.550537003, 0]
Weights: [0.5147188188932729, 0.6653075530660346, 0.5832851675484951, 0.3630285348983966, 0.12608235585368638, 0.5322040963724957, -0.4005510409168699, -0.11960376129697275, 0.2188090570049694, -0.10550477542935238, 0.5090400239931088, -0.08394178351024711]

After row: [1.465489372, 2.362125076, 0]
Weights: [0.5132433434283153, 0.6629293320694248, 0.5822783533790113, 0.3527557366608497, 0.10952431402736998, 0.5251942889772176, -0.33481510847227114, -0.06441869846905744, 0.288129084130364, -0.17050457004485847, 0.4544729460455741, -0.15248553664996817]

After row: [3.396561688, 4.400293529, 0]
Weights: [0.5130506785368738, 0.6626797319876507, 0.5822216298717887, 0.34248725050281814, 0.096221345512637, 0.5221710887231754, -0.2696192558434821, -0.0053848249687814265, 0.3536695857411252, -0.23526340167121249, 0.39583478855382404, -0.2175867070063763]

After row: [1.38807019, 1.850220317, 0]
Weights: [0.5128306202998091, 0.6623864066039103, 0.5820630944903289, 0.33665451654561246, 0.08844663574001535, 0.5179690433228591, -0.21479874901674345, 0.03987552420747284, 0.41289883219433837, -0.28903640402938224, 0.35143926936100933, -0.27568420725874165]

After row: [3.06407232, 3.005305973, 0]
Weights: [0.5130096250576884, 0.6625619782000959, 0.582121515029789, 0.3305074572605254, 0.08241747191601743, 0.5159628702815233, -0.16124065486108666, 0.08666604430573457, 0.4673062456359773, -0.3417862740944078, 0.3053548465605094, -0.32927057986713765]

After row: [7.627531214, 2.759262235, 1]
Weights: [0.5128339242451896, 0.6624984183662538, 0.5820984799470644, 0.3347352617922732, 0.0839468817675303, 0.516517152448732, -0.23288101061577945, 0.017539361355424513, 0.39553736620559243, -0.2703546352163132, 0.37428013596380266, -0.257710791753984]

After row: [5.332441248, 2.088626775, 1]
Weights: [0.5127135349398793, 0.6624512639177, 0.5820759031759926, 0.34392486567324265, 0.08754629371128787, 0.5182404914324322, -0.29985632202915385, -0.04480703823182183, 0.3279531803000133, -0.2033934490262604, 0.4366133865742263, -0.19014085948453996]

After row: [6.922596716, 1.77106367, 1]
Weights: [0.5129199624059717, 0.6625040759188443, 0.5821057225450186, 0.35277766990959974, 0.08981117791642956, 0.5195193185257245, -0.361633873995136, -0.10409531636504663, 0.2658686838069869, -0.14197092161209804, 0.49556094556752783, -0.1284131514986809]

After row: [8.675418651, -0.242068655, 1]
Weights: [0.5137302257221277, 0.6624814672864511, 0.582199120149071, 0.36053562984403864, 0.08959470894790814, 0.5204135646994864, -0.4171290393016834, -0.15846673329822347, 0.20994833470977664, -0.0871340594220899, 0.5492873896815401, -0.07315614919727362]

After row: [7.673756466, 3.508563011, 1]
Weights: [0.5138638143041051, 0.6625425461022167, 0.5822165286480988, 0.3674586854098689, 0.09276003961600936, 0.5213157376569557, -0.46677920606085554, -0.20684945184368958, 0.16024550251892272, -0.037999297636085984, 0.5971678602914718, -0.02396926868521198]

>epoch=14, lrate=0.500, error=5.288
After row: [2.7810836, 2.550537003, 0]
Weights: [0.5118199726873547, 0.6606681351093961, 0.5814816202775808, 0.3473949160690979, 0.07435951899760958, 0.5141013664885482, -0.395682964486121, -0.14451172114844485, 0.23309746656915925, -0.10884146804081202, 0.5350529011495837, -0.09656088727507414]

After row: [1.465489372, 2.362125076, 0]
Weights: [0.5103634607479648, 0.6583204801613218, 0.5804877461716211, 0.33524924744388, 0.054782721667950326, 0.5058135761727152, -0.3300749434341186, -0.09130821437825995, 0.30234397791482204, -0.17356773465144354, 0.4825644354313753, -0.16487674383265727]

After row: [3.396561688, 4.400293529, 0]
Weights: [0.5101730787260732, 0.6580738375692184, 0.5804316947763044, 0.32074639672426447, 0.03599407419570182, 0.5015437138672979, -0.2648277421408611, -0.03434820045708531, 0.3679472631017412, -0.23815238152744822, 0.4261828234658743, -0.22981385873908378]

After row: [1.38807019, 1.850220317, 0]
Weights: [0.509988616675316, 0.657827959920894, 0.5802988037653987, 0.31349644483205896, 0.026330291784070863, 0.49632066971258876, -0.20999957177679357, 0.00915962583646749, 0.4272483237610414, -0.29172382546915926, 0.383672247938111, -0.28775566904752514]

After row: [3.06407232, 3.005305973, 0]
Weights: [0.5101879735877468, 0.6580234933343114, 0.5803638664961736, 0.30454597657140275, 0.01755148602634745, 0.49339956755640463, -0.15618720421841426, 0.05416048487641891, 0.48193492131616544, -0.34441238886248904, 0.339611175700237, -0.3413002052347273]

After row: [7.627531214, 2.759262235, 1]
Weights: [0.5099986684879017, 0.6579550121444951, 0.5803390478366972, 0.3124674333958383, 0.020417075959526604, 0.49443810238532754, -0.2276290925859007, -0.013554703630759384, 0.4103601934379725, -0.27318744835165937, 0.4071207332345304, -0.26994282860744323]

After row: [5.332441248, 2.088626775, 1]
Weights: [0.5098482497499329, 0.6578960956766013, 0.58031083960505, 0.32601098987175015, 0.02572185727238658, 0.49697794405371754, -0.2943840903906696, -0.0742317071822113, 0.3429821093486226, -0.2063992185730732, 0.46782794301262665, -0.20253120235945438]

After row: [6.922596716, 1.77106367, 1]
Weights: [0.5100422434776403, 0.6579457266543176, 0.5803388628650586, 0.3384899249280011, 0.028914443728756935, 0.4987805819319878, -0.35594178478345684, -0.13255557059642978, 0.2811093529064595, -0.14526371297710994, 0.5257517966154988, -0.1410827955433806]

After row: [8.675418651, -0.242068655, 1]
Weights: [0.5108383480543262, 0.6579235130906995, 0.5804306284165222, 0.348051549832805, 0.0286476474191571, 0.49988273334270983, -0.4112030066965406, -0.1865011119300436, 0.22541374831513428, -0.090853717005494, 0.5788663783246236, -0.08624510798343112]

After row: [7.673756466, 3.508563011, 1]
Weights: [0.5109729822531446, 0.6579850699790478, 0.580448173174349, 0.35821107283601866, 0.0332927422663043, 0.5012066642034594, -0.4606977273749048, -0.23423842860397595, 0.17586438713038238, -0.04195799504019877, 0.6260259648717639, -0.0372954067861742]

>epoch=15, lrate=0.500, error=5.261
After row: [2.7810836, 2.550537003, 0]
Weights: [0.5089370365817861, 0.6561179003726048, 0.5797161039652974, 0.33366022833439424, 0.010777116574112889, 0.49237886611007436, -0.38968748776442147, -0.17384675811056274, 0.24866621417927265, -0.11265606618926709, 0.5658997824961718, -0.10977718936735506]

After row: [1.465489372, 2.362125076, 0]
Weights: [0.5075092761442266, 0.6538165880625212, 0.5787418489042654, 0.319155553160658, -0.012602006878934528, 0.48248137012623027, -0.3242460233122177, -0.12321479830149804, 0.3177981921128562, -0.17702575858479017, 0.5160970510693351, -0.17777695360748746]

After row: [3.396561688, 4.400293529, 0]
Weights: [0.5073231330111985, 0.6535754370106721, 0.5786870455030242, 0.2983235615915595, -0.039590145507932356, 0.47634811141266187, -0.2590003292140412, -0.06946336570744215, 0.3834112681520137, -0.24124222721909988, 0.4631935264316553, -0.24235500887545797]

After row: [1.38807019, 1.850220317, 0]
Weights: [0.5071808175095044, 0.6533857383667885, 0.5785845179055588, 0.28922204943932445, -0.051721954706635556, 0.46979115758006423, -0.20417164772987914, -0.02828558526018793, 0.44277605015493793, -0.29454487316462363, 0.4231618387713106, -0.3000675029767272]

After row: [3.06407232, 3.005305973, 0]
Weights: [0.5074020960969455, 0.6536027730158055, 0.5786567350611386, 0.2760744858244302, -0.06461735903646518, 0.46550027856618564, -0.1500940954224604, 0.013971062907238686, 0.49775318172210326, -0.3470143039954679, 0.3821617900716222, -0.3534097619910257]

After row: [7.627531214, 2.759262235, 1]
Weights: [0.5071975655544526, 0.6535287840164856, 0.5786299202849345, 0.29139290218148944, -0.05907591625921904, 0.46750858452092797, -0.22126448989347872, -0.05136723328019783, 0.42644571766923967, -0.2760314687443463, 0.4473278966856641, -0.28229021838499924]

After row: [5.332441248, 2.088626775, 1]
Weights: [0.5070119096625164, 0.6534560657531612, 0.5785951039816127, 0.31165452743154776, -0.05113978137575266, 0.47130827481431053, -0.2877532551981035, -0.10974372601778024, 0.35932007353740225, -0.2094406357525071, 0.5057940038652371, -0.21506152888575392]

After row: [6.922596716, 1.77106367, 1]
Weights: [0.5071901278681431, 0.6535016607520131, 0.5786208483970305, 0.3293365494911313, -0.04661604726749712, 0.4738625218382222, -0.34902303796749157, -0.1668263589263143, 0.2977274059440532, -0.14870914591852097, 0.5623751305395406, -0.15400999097068116]

After row: [8.675418651, -0.242068655, 1]
Weights: [0.5079654645035776, 0.6534800266725453, 0.5787102200650301, 0.3406994822441887, -0.04693310514781867, 0.47517230678465217, -0.4039426081552389, -0.22029816135557118, 0.24236503949457766, -0.09495222069223794, 0.6147149371891097, -0.09981964346066888]

After row: [7.673756466, 3.508563011, 1]
Weights: [0.5081001192570174, 0.6535415929587922, 0.5787277675014176, 0.35582400922760593, -0.04001793183367911, 0.47714324853272944, -0.4532376304403096, -0.26713611656032893, 0.19301341267769967, -0.04636643684721648, 0.6608790053207992, -0.051178069488783645]

>epoch=16, lrate=0.500, error=5.221
After row: [2.7810836, 2.550537003, 0]
Weights: [0.5060835394507216, 0.6516921838236408, 0.5780026617166452, 0.3255169320956718, -0.06781260930319967, 0.466245669929938, -0.3823337174173286, -0.2092049101885263, 0.2657442739117861, -0.11688812111868521, 0.603260094444986, -0.1235168532605598]

After row: [1.465489372, 2.362125076, 0]
Weights: [0.5046958757425398, 0.6494555007710179, 0.5770557672971462, 0.3081079619255984, -0.09587297314599272, 0.4543663820260518, -0.31711801829290365, -0.16187832873669283, 0.33469837809162584, -0.18078588817282862, 0.5568899271742404, -0.1910774766298548]

After row: [3.396561688, 4.400293529, 0]
Weights: [0.5045161047661282, 0.6492226049378579, 0.5770028399568166, 0.2784169752049699, -0.13433806482914626, 0.44562489888869955, -0.2519984822104911, -0.11299714849921005, 0.40019591583748315, -0.24428471286774667, 0.5092253140410563, -0.2549448951877741]

After row: [1.38807019, 1.850220317, 0]
Weights: [0.5044218381053732, 0.6490969527250223, 0.576934927929432, 0.2669531613794246, -0.1496186906960049, 0.43736608466724775, -0.19720054932017567, -0.07487351908678451, 0.4595896403177445, -0.2972202179329405, 0.47239739971252714, -0.3123199937952118]

After row: [3.06407232, 3.005305973, 0]
Weights: [0.5046647914147786, 0.6493352463929459, 0.5770142189134664, 0.24792500147928015, -0.1682819063876969, 0.4311559962904354, -0.1429188017991164, -0.03671597508155516, 0.5147953660027269, -0.3491744820508342, 0.4358759682945589, -0.3651586179007607]

After row: [7.627531214, 2.759262235, 1]
Weights: [0.5044435247971961, 0.6492552031122786, 0.5769852099705497, 0.2777597633977207, -0.15748917023990236, 0.4350674534947901, -0.21373809439324937, -0.09810026495450186, 0.4438349210526584, -0.27842231130563383, 0.4972020787240127, -0.2942654285824793]

After row: [5.332441248, 2.088626775, 1]
Weights: [0.5042191111885483, 0.6491673041088208, 0.576943125379607, 0.3077193080984742, -0.1457545248273022, 0.44068580788584694, -0.27990920977374056, -0.15357730134496034, 0.3770137572516382, -0.2120866176695613, 0.5528170954677033, -0.227278069750424]

After row: [6.922596716, 1.77106367, 1]
Weights: [0.5043793401722217, 0.6492082967801416, 0.5769662711716048, 0.3319992611222342, -0.1395427889030788, 0.44419315549251054, -0.34076817358880657, -0.20925489889689572, 0.3158247748153233, -0.15200028505269242, 0.6077878415352788, -0.16686590824323128]

After row: [8.675418651, -0.242068655, 1]
Weights: [0.5051274052324322, 0.6491874236545597, 0.5770524992938781, 0.34434063469761106, -0.1398871480426691, 0.44561572356349977, -0.3951435622520831, -0.26223616958089896, 0.2609998790339692, -0.09928694222084426, 0.6591496791954663, -0.1137167979915434]

After row: [7.673756466, 3.508563011, 1]
Weights: [0.5052608096120426, 0.6492484182500854, 0.5770698837887082, 0.366434883280646, -0.12978530761057588, 0.4484949195193432, -0.44414836421913717, -0.30789843841938214, 0.21193659726674172, -0.051156559144900395, 0.7039971717491649, -0.06552897860177784]

>epoch=17, lrate=0.500, error=5.162
After row: [2.7810836, 2.550537003, 0]
Weights: [0.5032767715462728, 0.6474288532064073, 0.5763564791050914, 0.32900531913874764, -0.16411203132002267, 0.43503629348526845, -0.373369895081464, -0.2529065522033754, 0.2845765620892474, -0.12147800179720819, 0.6493603758422185, -0.13769989700064136]

After row: [1.465489372, 2.362125076, 0]
Weights: [0.5019422729894165, 0.6452778635334259, 0.5754458627728589, 0.3082030573655008, -0.19764181673569106, 0.4208415390430323, -0.30846537805653085, -0.20967826974876835, 0.35326101123868714, -0.18475490177074877, 0.6072161333412329, -0.20466193936353666]

After row: [3.396561688, 4.400293529, 0]
Weights: [0.5017712077630031, 0.6450562461220644, 0.5753954985392229, 0.26802397045682574, -0.2496943900041238, 0.409012197903542, -0.24371187075748982, -0.1676498054289419, 0.41840158924434045, -0.24699065154396307, 0.5668218273358203, -0.2672697096904797]

After row: [1.38807019, 1.850220317, 0]
Weights: [0.5017304528129536, 0.6450019220416662, 0.5753661376680342, 0.2537445907699819, -0.2687280084775207, 0.39872498059297945, -0.18901766307950305, -0.13328521403223456, 0.4777434969747751, -0.29944100755707076, 0.53386705699498, -0.324177092009339]

After row: [3.06407232, 3.005305973, 0]
Weights: [0.5019933095730282, 0.645259737428705, 0.575451924403014, 0.2277706391917142, -0.2942038013663063, 0.3902480424317197, -0.13472877939411138, -0.1006353689701176, 0.532977151221221, -0.35045895438717717, 0.5031843841103556, -0.37608288642404186]

After row: [7.627531214, 2.759262235, 1]
Weights: [0.5017540170576054, 0.6451731732728334, 0.5754205521924377, 0.282099105857088, -0.27455045847600446, 0.39737072277757735, -0.20516129039026554, -0.15628445066861793, 0.4623995221311388, -0.27984571889913445, 0.5589762571401855, -0.30532416048002664]

After row: [5.332441248, 2.088626775, 1]
Weights: [0.5014911363515716, 0.6450702073599021, 0.5753712538141138, 0.3241140022064995, -0.25809393633482874, 0.405249833750468, -0.270927961412357, -0.20879935345469885, 0.39597079643861716, -0.2139549936869219, 0.6115902176044667, -0.2387701317785722]

After row: [6.922596716, 1.77106367, 1]
Weights: [0.5016329784483994, 0.6451064959658797, 0.5753917435382226, 0.3547061538349552, -0.25026729980535084, 0.40966900662496886, -0.33112135142901, -0.2632461386915581, 0.33544182478079276, -0.15500645543098462, 0.6649109958753009, -0.17949295200224358]

After row: [8.675418651, -0.242068655, 1]
Weights: [0.5023461962618074, 0.6450865951767928, 0.5754739548806489, 0.3661429917354034, -0.2505864198477819, 0.4109873104856281, -0.38459529343927507, -0.3156635796424528, 0.2815149054903534, -0.10391756168114655, 0.7149905106951472, -0.12797128469452057]

After row: [7.673756466, 3.508563011, 1]
Weights: [0.5024765968604007, 0.6451462163960566, 0.5754909479399375, 0.3963881814037347, -0.23675784003799014, 0.41492869040853003, -0.4331067055387639, -0.35997316335762297, 0.2329434017312414, -0.056553706931782965, 0.7582519330339993, -0.08054875977838871]

>epoch=18, lrate=0.500, error=5.074
After row: [2.7810836, 2.550537003, 0]
Weights: [0.5005416722238007, 0.6433716933706918, 0.5747952030739435, 0.3505255567486609, -0.27881853941339396, 0.3984377713095595, -0.36246148219906194, -0.3082005998528289, 0.30548374254563326, -0.12667382419054168, 0.7068641950933011, -0.15254990810000346]

After row: [1.465489372, 2.362125076, 0]
Weights: [0.4992770892363861, 0.6413333959648371, 0.5739322947434048, 0.3260744510492421, -0.31822965423417326, 0.3817531701336058, -0.2979845485293392, -0.2697507254718027, 0.37377304005939604, -0.18914517370570572, 0.6696103214277923, -0.21871503615928953]

After row: [3.396561688, 4.400293529, 0]
Weights: [0.4991179059808212, 0.6411271718141431, 0.5738854287447311, 0.2769216145975842, -0.3819078464879351, 0.36728181911256763, -0.23396621622327698, -0.23611288600018623, 0.4381848844759275, -0.24944401566022437, 0.6379268536939976, -0.2793845270154843]

After row: [1.38807019, 1.850220317, 0]
Weights: [0.4991390749489291, 0.6411553888705754, 0.5739006793914639, 0.2596138602570014, -0.4049781198453589, 0.3548128860101409, -0.17949325216075035, -0.20586668256599114, 0.4973447976988111, -0.30130868338844896, 0.6091289111154704, -0.33571172152271744]

After row: [3.06407232, 3.005305973, 0]
Weights: [0.49942228101696723, 0.6414331632828533, 0.5739931073887372, 0.22737603530413344, -0.4365976502510194, 0.34429165100454284, -0.12552219738477882, -0.17931850527731433, 0.5522749915990603, -0.35102786150251786, 0.5846722174173651, -0.38631447712390565]

After row: [7.627531214, 2.759262235, 1]
Weights: [0.4991639832556498, 0.6413397239722569, 0.573959243514035, 0.31280047960758295, -0.4056953259603319, 0.35549113900488777, -0.1955964896395453, -0.22886534506934808, 0.48205167989529496, -0.2805099489039541, 0.6345327241105599, -0.3156466016767442]

After row: [5.332441248, 2.088626775, 1]
Weights: [0.49886522266168254, 0.641222704515904, 0.5739032165312569, 0.3673220078275224, -0.38434016828338724, 0.3657156357568001, -0.26075699060641244, -0.27917752088262116, 0.4162197772568437, -0.21549018106999976, 0.6847362360857594, -0.24995688225920826]

After row: [6.922596716, 1.77106367, 1]
Weights: [0.4989877636903691, 0.641254055174175, 0.5739209181299074, 0.4012786515189566, -0.3756527666530084, 0.37062082452981515, -0.3198157955430905, -0.3327964263993529, 0.3568228875324153, -0.15845711097422122, 0.7365159969541597, -0.19259732378597683]

After row: [8.675418651, -0.242068655, 1]
Weights: [0.49965260995887956, 0.6412355040876541, 0.5739975537708207, 0.4099813070350348, -0.3758955952933833, 0.371623964074565, -0.3718789173223249, -0.3843119857874293, 0.304308258707153, -0.10962911142773996, 0.7848304587934611, -0.14334587314618302]

After row: [7.673756466, 3.508563011, 1]
Weights: [0.49977722564763216, 0.6412924803545039, 0.5740137929737854, 0.4476082304806548, -0.3586919698716027, 0.37652728927289947, -0.41952709901566615, -0.42725744668739823, 0.2565989120476335, -0.06354101355774203, 0.8263698110770036, -0.0971986129567165]

>epoch=19, lrate=0.500, error=4.948
[{'output': 0.9987179668039731, 'weights': [0.49977722564763216, 0.6412924803545039, 0.5740137929737854], 'delta': 3.247840592928103e-05}, {'output': 0.9001477468650263, 'weights': [0.4476082304806548, -0.3586919698716027, 0.37652728927289947], 'delta': 0.009806650396668965}]
[{'output': 0.39818545580827747, 'weights': [-0.41952709901566615, -0.42725744668739823, 0.2565989120476335], 'delta': -0.09541869331903895}, {'output': 0.6115016979952848, 'weights': [-0.06354101355774203, 0.8263698110770036, -0.0971986129567165], 'delta': 0.09229452037893303}]

Process finished with exit code 0
